1579465344119.570801 528117004365.366882 45407969657.225914 233090473806.544159 818257865947.659790 150688098.745959 
1546532608494.569092 485159076061.143433 44886897930.170036 249434461945.069458 811939070488.356201 151135716.423954 
1542296958295.074707 467375181262.613098 44770470566.666847 258328907342.657318 816592869689.804443 151570250.889971 
1568880993498.185547 493093692943.104370 44972271039.271019 253988755637.213928 821798544917.866943 151991700.000000 
1599428703558.862061 525511350401.702820 45268100198.968834 251768009611.086090 822149343546.073242 152400061.610029 
1588022217222.938232 507994414569.291687 45480503406.487091 254825539892.021545 825202262761.625122 152795333.576046 
1605910439692.876465 525980732067.563599 45296948314.768044 256355751717.159271 823573955908.153687 153177513.754041 
1587482763679.609131 507909040086.185608 45075451017.642685 256805864169.331329 822767859424.092163 153546600.000000 
1560970310788.484375 477451828082.602966 44853894572.124084 257562121998.900177 825956360706.981201 153903695.438925 
1570078257518.407227 478808841235.423096 44868334891.756454 263824032659.922699 827445383623.061157 154254324.271861 
1565275889137.745850 473723400265.863098 44816866183.032074 253964067001.276794 837588421870.606079 154605115.968867 
1567567275448.174316 456202282395.681030 44712424526.093094 259177160484.770081 852187832567.723267 154962700.000000 
1588865034421.611816 462737347181.301941 44881869076.707909 264475658707.582550 861652028532.727173 155331686.321773 
1624555184991.966064 492583156158.390381 45398735264.316338 257300495284.334961 874671533549.240967 155708606.836510 
1656173203063.733643 514273126995.649170 46315833165.842339 251283752674.484528 890616323393.599976 156087973.932993 
1690189737127.699219 549751046240.796326 46908143120.959602 241062155896.841309 899376534990.061646 156464300.000000 
1723767274501.191406 584536952873.276611 47538243129.213158 235097064761.807251 904133256866.107544 156834351.461485 
1754387395915.302490 599175105314.942749 48256968430.128273 237570149439.601349 917642141160.758301 157203910.882098 
1772126560302.369629 605573188958.023315 48458003708.420685 239966803469.197845 926586567875.148560 157581014.861661 
1786578480226.313232 608125684128.537720 48743771604.971771 241579009547.690369 936873786550.084717 157973700.000000 
1804669014621.766602 598683465298.438599 49023935602.113823 253596312249.232941 952389237074.095093 158385771.894788 
1821874967479.894287 609531764621.740356 49058428447.105171 247610282290.867462 964732920567.286377 158804112.135100 
1850667546869.983154 616891674935.469849 49171516980.042824 252975565466.709229 980800306467.804077 159211371.307862 
1865432275964.012207 624192614689.883911 49479441088.445084 249575724775.998840 991663936498.129517 159590200.000000 
1883129109738.099365 627062269458.453003 49710441247.448814 254009197241.104370 1002057643038.541992 159928392.209365 
1892185389975.157715 629956170892.408691 49890041229.231705 258445488672.286804 1003783730410.462158 160234315.577504 
1911695911861.668701 639442831212.352295 50239751579.439751 259804370508.269073 1012448710141.047241 160521481.156892 
1922674542012.484863 635329914159.788452 50509608216.346008 262870325951.942505 1024474301900.753906 160803400.000000 
1936774582315.936035 636058509057.990845 50912936280.565132 261396425404.332855 1039319647853.612427 161090076.455253 
1958135077249.614990 644003184739.501953 51390668573.550415 261748764907.186707 1052383127602.926270 161377488.054883 
1975870400563.979736 650646289964.794067 51741482932.341850 262860565248.444000 1062363545350.741699 161658105.627071 
2008483792772.695557 669765893113.858521 52057146551.863533 268335968204.352417 1070381931454.484497 161924400.000000 
2019692492763.547852 654922092996.545166 52302894715.462143 278285189859.741333 1086485209907.261597 162172280.094621 
2047234768448.298584 662262647108.024658 52586061292.765602 286290353707.010925 1098681767633.262939 162411407.202964 
2060001833438.389160 656793138460.971436 52942540122.769943 288849190961.411133 1114359504016.006592 162654880.709824 
2087822605079.147461 667409556489.385376 53377924273.211617 292680238605.501831 1127732809984.260010 162915800.000000 
2109670742502.580566 677344450703.634155 53967654240.485794 295986787639.758423 1136339504159.187744 163204664.103761 
2124998429325.623535 672608344081.783325 54213742084.686005 307757330680.122070 1144632754563.718262 163521570.633262 
2139595489520.383301 673153903481.567871 54353014729.439415 314891619686.252563 1151549966352.562500 163864016.846133 
2143136713824.500000 663631820647.986450 54403255521.120934 315409494395.669250 1164095398780.844727 164229500.000000 
2165011201453.062256 674328323950.357056 54803749279.580460 318497805051.945435 1172185072450.759766 164616336.927836 
2172637491743.110596 663543648697.514282 54554593388.833527 327416315463.537720 1181677527582.058594 165026122.763987 
2172148891353.872314 651575169792.135986 54234485377.538101 325823755286.508057 1194749966275.228271 165461272.218145 
2152815482146.363037 624535767136.891602 53923940299.896088 331108671326.349609 1197171043683.121826 165924200.000000 
2141588410216.121582 604842610554.775635 53564885624.621910 347528474458.703003 1189217325202.642578 166414997.559896 
2157320911074.862793 604217162504.703003 53499029826.455757 355639611953.903259 1197464136616.256836 166924463.310789 
2167022960718.250000 610561260544.977905 53460240346.652725 355755685144.088379 1200706015029.183594 167441072.406287 
2176000945072.570068 615982796850.103882 53477348306.766571 354809045594.254028 1205209102628.212402 167953300.000000 
2200973271912.834961 613635531913.695557 53623864116.172646 359619887004.764038 1227717852994.375244 168452624.395080 
2224832630437.573730 630367122279.525269 53848903514.912941 358047623723.487793 1236417884434.560547 168942536.492857 
2246138510956.655762 633776013057.130737 54041848619.334114 361484791619.221069 1250877706280.304199 169429530.344205 
2268415339977.554199 644232979168.813232 54133830130.877220 358558207417.582153 1265624153391.158936 169920100.000000 
2272734174780.070312 649921190796.448608 54434546032.009666 351682520153.522339 1271130463830.100098 170419867.359785 
2285444510565.930176 657684660945.214966 54817832792.767303 348514716454.843628 1279245133165.871582 170930965.717785 
2295998136983.745605 656384818975.072876 55198633461.552574 348671245039.251343 1290942072969.421143 171454656.216892 
2325792955229.838379 678812731426.315186 55504013396.339027 347826882607.211975 1299153341196.311279 171992200.000000 
2347945979674.463379 693180447077.547729 55933472273.154228 344949652480.977600 1309815880115.937744 172543784.290779 
2380723730971.946777 716709280658.598511 56265218623.241104 343683731326.859131 1320330718986.489258 173105300.636005 
2395665777177.856445 715818808203.214844 56628499013.707573 346462551514.491821 1333384417460.149902 173671566.663228 
2423562513945.519043 737069705514.833740 57256684038.084564 343354312397.180359 1343138496033.504883 174237400.000000 
2432955289149.326660 737958448227.909424 57547297559.487167 343970335175.539490 1351026505745.877930 174800032.977098 
2442241290789.349609 730284868412.187500 57484959038.125099 344794804007.942261 1367161618369.219727 175366356.738197 
2463768370382.782227 730374243959.575684 57614482388.538162 356443633296.567627 1376950493126.639160 175945677.130197 
2482008583828.545410 741190870016.922729 57683905038.291054 355053685492.659668 1385764028318.963135 176547300.000000 
2499090640773.079102 748074341107.957764 57664708984.071014 350524501780.035889 1400491797885.085449 177177329.113330 
2542706475809.518555 771989876623.332520 57917236026.919579 352917432239.657410 1417799166946.528564 177829059.911208 
2566584343548.385742 790135886269.370239 58311684942.144501 346650670425.297302 1429797786853.717773 178492585.753483 
2593929561058.011719 792239072587.187378 58636964532.792847 358181660653.304443 1443508827817.519775 179158000.000000 
2614015677186.881348 807312381655.730957 59114503607.895340 351913322264.671936 1454789973266.478516 179817178.694584 
2653443637944.115234 823941780055.255371 59647516317.723488 365095341386.124695 1464406516502.735107 180469128.616970 
2687032520946.413574 840616832255.238037 60055666602.706200 362095043604.316772 1484320645086.859131 181114639.230871 
2708133466438.367188 846991573368.177124 60375779997.385056 360036318173.025757 1501105574897.163818 181754500.000000 
2735147755224.165039 866543947017.681396 60457457892.354424 352382649583.225220 1516221158623.255371 182389715.483335 
2761946684917.357422 872476729712.429321 60609119100.314629 351170253037.900146 1538299702167.027832 183022150.620913 
2798535767915.599609 892856955498.427246 60672596545.430511 348880372820.204224 1556798439596.968018 183653885.448034 
2844794100244.474121 919336914881.909424 60964191808.879852 354451336360.809143 1571005849001.755371 184287000.000000 
2868458061136.327637 932085923949.089966 61306929142.345406 348891581543.542603 1587480555643.694824 184922607.809575 
2892742338178.739746 940287695156.786743 61494845812.582680 342340038715.078125 1610114604306.877686 185557956.399379 
2929880374131.765137 957770698558.087646 61721864833.861725 340982212246.326721 1631127463327.347900 186189326.789493 
2981199917360.945801 976876026597.777954 62053246202.855995 342934641248.828674 1661389249514.339600 186813000.000000 
2990729992506.020996 982983575472.975098 63047121240.793465 324840665437.144897 1682905751595.897949 187426382.965863 
3048053676410.076660 1009908704363.165771 63004259405.358421 331802322611.716003 1706342649435.188965 188031386.281571 
3052783979059.872559 1003297548910.080200 62631168249.797455 324066361490.335754 1725420068659.450684 188631046.456493 
3070931109943.851074 1002234427635.496460 62665393617.620361 324056286107.159119 1744640396201.189453 189228400.000000 
3063290241389.095215 972801773728.571167 62574500419.942787 336443578049.314453 1754044889611.202881 189824679.076972 
3079647822766.008301 969690199002.647217 62163321777.732689 351736381410.738342 1758221242352.617188 190413898.474337 
3070172892506.812500 954560160025.968018 61950827638.218552 354874740354.339600 1760737992126.499268 190988268.634533 
3078718084217.177246 948984024084.752686 61720344864.005745 361404064926.690796 1768329995205.727783 191540000.000000 
3107616520564.736816 962865375658.624023 61707399505.245781 366494291562.061584 1778256853344.045654 192065225.726248 
3124507450676.973633 966787969368.775635 61767895796.506065 361122615411.346863 1796596865896.848633 192575769.821081 
3139434294979.529785 972128822621.210327 61871506100.716301 360427865109.494202 1806877607248.819336 193087379.005373 
3141478993901.540039 965277812715.503052 61683000147.977425 352476773717.105347 1823724407468.926270 193615800.000000 
3157202347421.924316 964523997213.110840 61890160987.388870 354206445178.582214 1838471905030.225830 194172680.518035 
3185655912943.362793 975142822022.397949 61926994432.320267 362759316708.733398 1847753774212.228516 194753272.241340 
3238228196572.120117 1004542839030.255737 61869858859.812172 362086967854.039612 1871598389687.819092 195348727.843975 
3275788539077.925781 1024873360629.313843 62225606447.557716 364412125956.265137 1886503052492.344727 195950200.000000 
3294464288624.442383 1027528660014.093750 62399492098.982170 363531576357.144836 1903404052253.201172 196550536.576613 
3318036269633.738770 1053824925826.837036 62597421267.884544 351054427241.531982 1913156916565.366943 197149366.213560 
3347453201641.162109 1066954316956.806763 62865536049.856323 349273075026.075867 1931225809658.279053 197748012.743728 
3375665398786.409180 1083771607925.381226 63047275699.668381 338843180334.654968 1953050610526.373047 198347800.000000 
3410844257494.075684 1102418551068.639404 63159028723.378998 348579635858.495300 1959846070566.940674 198948712.238014 
3428654030597.225098 1103823894175.873779 63635778958.682816 347105034260.565369 1977725102160.785889 199545375.404419 
3457502662319.901367 1113047738911.784180 63987961399.074760 343836980326.229980 2000617943081.887207 200131075.868614 
3477242509657.164062 1127928053250.122559 64153776216.513657 329297326552.878540 2020017129854.165527 200699100.000000 
3518204382761.475098 1147822371992.359375 64582004082.053650 341221458688.978760 2029160552080.137207 201243730.096330 
3529625094628.282715 1141708728664.031250 64856133329.580223 342384814272.670532 2045531551691.580811 201763232.168764 
3533572213320.257812 1133946823049.904785 65040765534.979645 339644181615.558716 2059981208654.794922 202256868.156817 
3561748276315.873047 1123418009472.104492 65472065260.241295 367624320188.534058 2070705946655.234863 202723900.000000 
3564865006831.259766 1113488352010.139893 65654195390.244171 370291670179.579956 2081084984641.542480 203165117.376666 
3592620691946.668945 1123709638959.776367 65514362304.416603 375255323873.446045 2093655729113.446533 203587420.920523 
3617367653210.719238 1119428050866.773682 65565403702.049408 388311592723.251953 2109628009620.693115 203999239.004119 
3631021289214.814453 1104622114767.563721 65718210887.643677 397961119963.501099 2128438054483.750244 204409000.000000 
3607429765291.105469 1069914162627.351074 65704011945.543968 394787351551.634888 2142728251112.120361 204823019.147005 
3626084984041.492188 1058852544816.743042 65468694712.360878 401864214203.741089 2165368225020.986084 205239159.149142 
3609838368984.877930 1031806443167.345581 64984557664.298775 410464586000.134644 2167567339817.397949 205653169.576707 
3535150885927.509766 962467354024.352905 64210851850.511765 450487498195.862427 2122196033707.292236 206060800.000000 
3486689102967.869141 890384644366.303101 62697571611.558693 499390811949.472534 2096913646652.093750 206459718.535312 
3480237750627.720703 855864458259.771362 61974217492.304253 523754561936.905823 2100618730431.043213 206855267.482910 
3489901218960.928711 855748181094.079712 61481319135.287186 514532343872.745728 2119620693994.108154 207254707.689052 
3522346457898.214355 882538309258.195679 61042832809.353058 508964004222.010620 2130844144418.015381 207665300.000000 
3536373473473.127930 895256202895.539917 61332370461.527451 500286349115.525146 2140830921462.060303 208088286.399246 
3568782208452.216797 927277417647.035645 61778519215.081406 495901033676.772095 2145603757128.411133 208500833.419219 
3591507539249.515625 944312300228.397461 61992810243.381721 492731941963.247314 2154463297057.865967 208874088.729583 
3612812353768.364746 942692185918.839600 62037471197.027077 496447937321.897339 2173672230527.622314 209179200.000000 
3598178229278.629883 928991530330.998169 62229242776.013985 476954727530.447876 2192231971417.177246 209397968.680204 
3624505397554.003418 943493151763.352783 62306860671.324043 474529925166.062256 2206482320624.586426 209554811.340213 
3632307150632.184570 943807265583.538940 62461595652.657280 473893535359.369263 2214606349689.295410 209684798.330115 
3673038124241.312988 988353012353.395874 62831031648.959160 463110100853.328491 2221575011034.595703 209823000.000000 
3697607735137.299805 1002114229498.228516 63400942571.415031 462662378943.152832 2232831126695.939941 209996895.129938 
3715046876961.742188 1015546541302.298584 63585690205.908379 465939469913.595093 2233560865745.846680 210203596.219929 
3719679399071.788086 1009339001100.271118 63757247533.182999 476648507816.787842 2233691890154.731934 210432624.199956 
3720729909177.402344 1004031971577.356934 64130343070.709892 475127953556.726562 2241569984043.321289 210673500.000000 
3738420107430.024414 1016696677254.602905 64135843762.011543 469901437286.730591 2251821992888.691406 210915744.550044 
3748701972023.302734 1023834433244.203247 64318467460.964874 467346955248.443359 2257520583530.658691 211148878.780071 
3775857010553.447266 1041564543484.419067 64474533810.283249 467568552383.799438 2266723914685.230957 211362423.620062 
3810753455834.528809 1046667863530.004150 64421409010.831230 478209873449.072998 2285875718855.454102 211545900.000000 
3801717823309.014160 1040844871170.464355 64990452411.515556 465100328833.100708 2295772623305.455566 211688828.849867 
3843524578034.071777 1066747559926.162720 65255081258.621552 464591740735.379150 2312185277372.552734 211780731.099645 
3883353320896.221191 1081877478075.941162 65539261905.462784 473225385085.124512 2328250457735.155762 211811127.679317 
3902969649147.852051 1090858767635.502441 65951746085.518929 461503936216.715088 2350606945295.632324 211769539.518864 
